Cell size: 660 660
Number of Components: 3
========== RAW DATA ============
BIC scores:
full 527740.0
tied 750153.0
diag 476735.0
spherical 572473.0
Elapsed time: 0.8
========== STANDARDIZED DATA ==========
full 38412477.0
tied 262628113.0
diag 49290041.0
spherical 99940515.0
Elapsed time: 0.76
Features ranked by cluster centers:
Cluster 0
[('Motor_Vehicle_Theft', 0.63, array([ 0.69,  0.28,  0.12,  0.2 ,  0.19,  0.01,  0.16,  0.07])), ('Burglary', 0.57999999999999996, array([ 0.28,  0.82,  0.19,  0.33,  0.3 ,  0.07,  0.19,  0.05])), ('Criminal_Sexual_Assault', 0.44, array([ 0.12,  0.19,  0.91,  0.22,  0.22,  0.  ,  0.1 ,  0.  ])), ('Aggravated_Assault_and_Aggravated_Battery', 0.40000000000000002, array([ 0.2 ,  0.33,  0.22,  0.66,  0.46,  0.18,  0.24,  0.01])), ('Simple_Assault_and_Simple_Battery', 0.39000000000000001, array([ 0.19,  0.3 ,  0.22,  0.46,  0.48,  0.11,  0.21,  0.04])), ('Homicide', 0.28999999999999998, array([ 0.01,  0.07,  0.  ,  0.18,  0.11,  1.12,  0.03, -0.05])), ('Robbery', 0.26000000000000001, array([ 0.16,  0.19,  0.1 ,  0.24,  0.21,  0.03,  0.36,  0.06])), ('Larceny', 0.11, array([ 0.07,  0.05,  0.  ,  0.01,  0.04, -0.05,  0.06,  0.1 ]))]
Cluster 1
[('Simple_Assault_and_Simple_Battery', 1.96, array([ 2.84,  1.29,  2.11,  0.34,  1.23,  0.54,  0.68,  0.92])), ('Robbery', 1.9099999999999999, array([ 1.29,  4.25,  1.77,  0.85,  0.92,  0.86,  0.44,  0.46])), ('Aggravated_Assault_and_Aggravated_Battery', 1.79, array([ 2.11,  1.77,  3.01, -0.56,  1.19,  0.76,  1.56,  1.37])), ('Larceny', 1.47, array([ 0.34,  0.85, -0.56,  7.66, -0.03,  0.05, -1.1 , -0.7 ])), ('Criminal_Sexual_Assault', 1.4399999999999999, array([ 1.23,  0.92,  1.19, -0.03,  3.19,  0.51,  0.37,  0.75])), ('Motor_Vehicle_Theft', 1.3999999999999999, array([ 0.54,  0.86,  0.76,  0.05,  0.51,  1.78,  0.28,  0.61])), ('Homicide', 1.1699999999999999, array([ 0.68,  0.44,  1.56, -1.1 ,  0.37,  0.28,  4.57,  1.  ])), ('Burglary', 1.1399999999999999, array([ 0.92,  0.46,  1.37, -0.7 ,  0.75,  0.61,  1.  ,  2.71]))]
Cluster 2
[('Larceny', -0.28999999999999998, array([ 0.02,  0.  ,  0.02,  0.01,  0.04,  0.01,  0.02,  0.05])), ('Homicide', -0.34000000000000002, array([ 0.,  0.,  0.,  0.,  0.,  0.,  0.,  0.])), ('Robbery', -0.44, array([ 0.02,  0.  ,  0.03,  0.01,  0.05,  0.02,  0.02,  0.05])), ('Criminal_Sexual_Assault', -0.46000000000000002, array([ 0.01,  0.  ,  0.01,  0.06,  0.04,  0.02,  0.02,  0.04])), ('Burglary', -0.48999999999999999, array([ 0.04,  0.  ,  0.05,  0.04,  0.2 ,  0.05,  0.06,  0.15])), ('Aggravated_Assault_and_Aggravated_Battery', -0.5, array([ 0.01,  0.  ,  0.02,  0.02,  0.05,  0.03,  0.03,  0.05])), ('Simple_Assault_and_Simple_Battery', -0.52000000000000002, array([ 0.02,  0.  ,  0.02,  0.02,  0.06,  0.03,  0.04,  0.07])), ('Motor_Vehicle_Theft', -0.56000000000000005, array([ 0.05,  0.  ,  0.05,  0.04,  0.15,  0.05,  0.07,  0.21]))]
Number of Components: 5
========== RAW DATA ============
BIC scores:
full 512960.0
tied 738177.0
diag 474983.0
spherical 555754.0
Elapsed time: 1.19
========== STANDARDIZED DATA ==========
full 16844165.0
tied 305386560.0
diag 18423541.0
spherical 51521469.0
Elapsed time: 1.33
Features ranked by cluster centers:
Cluster 0
[('Motor_Vehicle_Theft', 0.34999999999999998, array([ 0.68,  0.33,  0.18,  0.24,  0.2 ,  0.12,  0.23, -0.  ])), ('Burglary', 0.28999999999999998, array([ 0.33,  0.72,  0.2 ,  0.27,  0.2 ,  0.08,  0.28, -0.  ])), ('Criminal_Sexual_Assault', 0.16, array([ 0.18,  0.2 ,  0.72,  0.23,  0.14,  0.05,  0.22, -0.  ])), ('Simple_Assault_and_Simple_Battery', 0.070000000000000007, array([ 0.24,  0.27,  0.23,  0.39,  0.2 ,  0.07,  0.36, -0.  ])), ('Robbery', 0.050000000000000003, array([ 0.2 ,  0.2 ,  0.14,  0.2 ,  0.31,  0.08,  0.22, -0.  ])), ('Larceny', 0.050000000000000003, array([ 0.12,  0.08,  0.05,  0.07,  0.08,  0.13,  0.05, -0.  ])), ('Aggravated_Assault_and_Aggravated_Battery', 0.050000000000000003, array([ 0.23,  0.28,  0.22,  0.36,  0.22,  0.05,  0.47, -0.  ])), ('Homicide', -0.34000000000000002, array([-0., -0., -0., -0., -0., -0., -0.,  0.]))]
Cluster 1
[('Robbery', 3.5600000000000001, array([ 11.33,   0.94,   1.96,   3.44,  -0.14,   1.69,   2.12,   0.5 ])), ('Larceny', 3.52, array([  9.40000000e-01,   3.23300000e+01,  -2.00000000e-02,
        -2.58000000e+00,  -5.57000000e+00,  -1.19000000e+00,
        -4.10000000e-01,  -2.38000000e+00])), ('Simple_Assault_and_Simple_Battery', 3.3599999999999999, array([ 1.96, -0.02,  5.75,  3.48,  0.38,  0.15,  2.23,  1.52])), ('Aggravated_Assault_and_Aggravated_Battery', 2.6699999999999999, array([ 3.44, -2.58,  3.48,  5.15,  3.45,  1.09,  2.4 ,  2.93])), ('Homicide', 2.2000000000000002, array([-0.14, -5.57,  0.38,  3.45,  9.54,  0.12,  0.44,  3.13])), ('Motor_Vehicle_Theft', 2.1699999999999999, array([ 1.69, -1.19,  0.15,  1.09,  0.12,  4.05,  0.56,  0.81])), ('Criminal_Sexual_Assault', 2.0299999999999998, array([ 2.12, -0.41,  2.23,  2.4 ,  0.44,  0.56,  4.95,  1.25])), ('Burglary', 1.3, array([ 0.5 , -2.38,  1.52,  2.93,  3.13,  0.81,  1.25,  4.33]))]
Cluster 2
[('Homicide', -0.34000000000000002, array([ 0.,  0.,  0.,  0.,  0.,  0.,  0.,  0.])), ('Larceny', -0.34999999999999998, array([ 0.  ,  0.01,  0.  ,  0.  ,  0.  ,  0.01,  0.01,  0.01])), ('Robbery', -0.52000000000000002, array([ 0.  ,  0.  ,  0.  ,  0.  ,  0.  ,  0.  ,  0.01,  0.01])), ('Criminal_Sexual_Assault', -0.56000000000000005, array([ 0.,  0.,  0.,  0.,  0.,  0.,  0.,  0.])), ('Aggravated_Assault_and_Aggravated_Battery', -0.56999999999999995, array([ 0.  ,  0.  ,  0.  ,  0.  ,  0.01,  0.  ,  0.01,  0.01])), ('Simple_Assault_and_Simple_Battery', -0.60999999999999999, array([ 0.  ,  0.01,  0.  ,  0.  ,  0.  ,  0.01,  0.02,  0.01])), ('Burglary', -0.68000000000000005, array([ 0.  ,  0.01,  0.01,  0.  ,  0.01,  0.02,  0.06,  0.03])), ('Motor_Vehicle_Theft', -0.77000000000000002, array([ 0.  ,  0.01,  0.01,  0.  ,  0.01,  0.01,  0.03,  0.05]))]
Cluster 3
[('Homicide', 2.1000000000000001, array([ 1.13,  0.36,  0.16,  0.17,  0.28,  0.21,  0.14,  0.04])), ('Aggravated_Assault_and_Aggravated_Battery', 0.70999999999999996, array([ 0.36,  0.89,  0.47,  0.36,  0.64,  0.43,  0.32,  0.1 ])), ('Burglary', 0.67000000000000004, array([ 0.16,  0.47,  0.77,  0.34,  0.43,  0.32,  0.23,  0.09])), ('Motor_Vehicle_Theft', 0.66000000000000003, array([ 0.17,  0.36,  0.34,  0.77,  0.34,  0.25,  0.24,  0.1 ])), ('Simple_Assault_and_Simple_Battery', 0.55000000000000004, array([ 0.28,  0.64,  0.43,  0.34,  0.62,  0.38,  0.29,  0.11])), ('Criminal_Sexual_Assault', 0.46000000000000002, array([ 0.21,  0.43,  0.32,  0.25,  0.38,  1.  ,  0.2 ,  0.07])), ('Robbery', 0.28999999999999998, array([ 0.14,  0.32,  0.23,  0.24,  0.29,  0.2 ,  0.36,  0.08])), ('Larceny', -0.0, array([ 0.04,  0.1 ,  0.09,  0.1 ,  0.11,  0.07,  0.08,  0.04]))]
Cluster 4
[('Simple_Assault_and_Simple_Battery', 1.8, array([ 1.67,  0.38,  1.44,  0.76,  0.38,  0.74, -0.43,  0.22])), ('Robbery', 1.74, array([ 0.38,  1.93,  0.97,  0.31,  0.39,  0.35, -0.17,  0.21])), ('Aggravated_Assault_and_Aggravated_Battery', 1.72, array([ 1.44,  0.97,  2.37,  0.73,  0.57,  1.01, -0.64,  0.63])), ('Criminal_Sexual_Assault', 1.3700000000000001, array([ 0.76,  0.31,  0.73,  2.88,  0.45,  0.64, -0.3 ,  0.09])), ('Motor_Vehicle_Theft', 1.1599999999999999, array([ 0.38,  0.39,  0.57,  0.45,  0.98,  0.59, -0.1 ,  0.1 ])), ('Burglary', 1.1599999999999999, array([ 0.74,  0.35,  1.01,  0.64,  0.59,  2.48, -0.46,  0.49])), ('Larceny', 1.04, array([-0.43, -0.17, -0.64, -0.3 , -0.1 , -0.46,  0.97, -0.51])), ('Homicide', 0.85999999999999999, array([ 0.22,  0.21,  0.63,  0.09,  0.1 ,  0.49, -0.51,  1.81]))]
Number of Components: 7
========== RAW DATA ============
BIC scores:
full 361222.0
tied 728674.0
diag 405587.0
spherical 461539.0
Elapsed time: 1.55
========== STANDARDIZED DATA ==========
full 33108850.0
tied 356936498.0
diag 14947720.0
spherical 19167963.0
Elapsed time: 2.46
Features ranked by cluster centers:
Cluster 0
[('Motor_Vehicle_Theft', 0.32000000000000001, array([ 0.63,  0.32,  0.17,  0.22,  0.22,  0.18,  0.1 , -0.  ])), ('Burglary', 0.28000000000000003, array([ 0.32,  0.71,  0.2 ,  0.27,  0.28,  0.19,  0.08, -0.  ])), ('Criminal_Sexual_Assault', 0.13, array([ 0.17,  0.2 ,  0.67,  0.21,  0.21,  0.12,  0.04, -0.  ])), ('Simple_Assault_and_Simple_Battery', 0.050000000000000003, array([ 0.22,  0.27,  0.21,  0.37,  0.34,  0.18,  0.06, -0.  ])), ('Aggravated_Assault_and_Aggravated_Battery', 0.029999999999999999, array([ 0.22,  0.28,  0.21,  0.34,  0.45,  0.2 ,  0.04, -0.  ])), ('Robbery', 0.02, array([ 0.18,  0.19,  0.12,  0.18,  0.2 ,  0.27,  0.07, -0.  ])), ('Larceny', 0.02, array([ 0.1 ,  0.08,  0.04,  0.06,  0.04,  0.07,  0.09, -0.  ])), ('Homicide', -0.34000000000000002, array([-0., -0., -0., -0., -0., -0., -0.,  0.]))]
Cluster 1
[('Robbery', 4.8300000000000001, array([ 14.49,   3.56,   0.36,   4.88,   1.25,   2.  ,   0.61,   1.18])), ('Simple_Assault_and_Simple_Battery', 3.0899999999999999, array([ 3.56,  5.57,  2.25,  4.06,  2.92,  0.88,  0.67,  1.49])), ('Larceny', 3.02, array([ 0.36,  2.25,  7.4 , -0.1 ,  0.06,  0.8 , -1.45, -0.07])), ('Aggravated_Assault_and_Aggravated_Battery', 2.6099999999999999, array([ 4.88,  4.06, -0.1 ,  5.05,  2.29,  0.93,  1.79,  1.83])), ('Criminal_Sexual_Assault', 2.3999999999999999, array([ 1.25,  2.92,  0.06,  2.29,  7.04,  0.44, -0.08,  0.72])), ('Motor_Vehicle_Theft', 2.2999999999999998, array([ 2.  ,  0.88,  0.8 ,  0.93,  0.44,  4.77, -0.43, -0.04])), ('Homicide', 1.6899999999999999, array([ 0.61,  0.67, -1.45,  1.79, -0.08, -0.43,  3.43,  1.09])), ('Burglary', 0.68999999999999995, array([ 1.18,  1.49, -0.07,  1.83,  0.72, -0.04,  1.09,  1.3 ]))]
Cluster 2
[('Homicide', -0.34000000000000002, array([ 0.,  0.,  0.,  0.,  0.,  0.,  0.,  0.])), ('Larceny', -0.34999999999999998, array([ 0.  ,  0.01,  0.  ,  0.  ,  0.  ,  0.  ,  0.01,  0.01])), ('Robbery', -0.52000000000000002, array([ 0.  ,  0.  ,  0.  ,  0.  ,  0.  ,  0.  ,  0.01,  0.01])), ('Criminal_Sexual_Assault', -0.56000000000000005, array([ 0.,  0.,  0.,  0.,  0.,  0.,  0.,  0.])), ('Aggravated_Assault_and_Aggravated_Battery', -0.56999999999999995, array([ 0.  ,  0.  ,  0.  ,  0.  ,  0.01,  0.  ,  0.01,  0.01])), ('Simple_Assault_and_Simple_Battery', -0.60999999999999999, array([ 0.  ,  0.  ,  0.  ,  0.  ,  0.  ,  0.01,  0.01,  0.01])), ('Burglary', -0.68000000000000005, array([ 0.  ,  0.01,  0.01,  0.  ,  0.01,  0.01,  0.05,  0.03])), ('Motor_Vehicle_Theft', -0.77000000000000002, array([ 0.  ,  0.01,  0.01,  0.  ,  0.01,  0.01,  0.03,  0.04]))]
Cluster 3
[('Homicide', 1.5700000000000001, array([ 0.,  0.,  0.,  0.,  0.,  0.,  0.,  0.])), ('Aggravated_Assault_and_Aggravated_Battery', 0.88, array([ 0.  ,  1.39,  0.69,  1.08,  0.5 ,  0.68,  0.73,  0.2 ])), ('Burglary', 0.78000000000000003, array([ 0.  ,  0.69,  1.13,  0.68,  0.46,  0.48,  0.41,  0.14])), ('Simple_Assault_and_Simple_Battery', 0.76000000000000001, array([ 0.  ,  1.08,  0.68,  1.1 ,  0.5 ,  0.68,  0.64,  0.21])), ('Motor_Vehicle_Theft', 0.71999999999999997, array([ 0.  ,  0.5 ,  0.46,  0.5 ,  0.84,  0.4 ,  0.4 ,  0.15])), ('Criminal_Sexual_Assault', 0.60999999999999999, array([ 0.  ,  0.68,  0.48,  0.68,  0.4 ,  1.43,  0.48,  0.14])), ('Robbery', 0.56000000000000005, array([ 0.  ,  0.73,  0.41,  0.64,  0.4 ,  0.48,  0.94,  0.22])), ('Larceny', 0.10000000000000001, array([ 0.  ,  0.2 ,  0.14,  0.21,  0.15,  0.14,  0.22,  0.1 ]))]
Cluster 4
[('Homicide', 3.5099999999999998, array([ 9.76, -2.4 ,  0.52, -0.67,  0.16,  0.35,  0.5 , -0.67])), ('Simple_Assault_and_Simple_Battery', 3.0, array([-2.4 ,  4.18,  1.75,  0.58,  1.02,  0.75,  0.45,  0.77])), ('Aggravated_Assault_and_Aggravated_Battery', 2.79, array([ 0.52,  1.75,  3.37,  2.09,  1.52,  1.41,  1.27,  0.16])), ('Burglary', 2.3500000000000001, array([-0.67,  0.58,  2.09,  5.88,  1.72,  1.26,  1.9 ,  0.07])), ('Criminal_Sexual_Assault', 1.51, array([ 0.16,  1.02,  1.52,  1.72,  2.5 ,  0.8 ,  0.79,  0.13])), ('Robbery', 1.4299999999999999, array([ 0.35,  0.75,  1.41,  1.26,  0.8 ,  1.71,  0.87,  0.23])), ('Motor_Vehicle_Theft', 1.3999999999999999, array([ 0.5 ,  0.45,  1.27,  1.9 ,  0.79,  0.87,  1.6 ,  0.05])), ('Larceny', 0.55000000000000004, array([-0.67,  0.77,  0.16,  0.07,  0.13,  0.23,  0.05,  0.25]))]
Cluster 5
[('Larceny', 2.0299999999999998, array([ 13.17,   0.6 ,   0.33,  -0.28,  -0.22,  -0.38,  -0.26,   0.2 ])), ('Robbery', 1.51, array([ 0.6 ,  2.34,  0.7 ,  0.3 ,  0.54,  1.16,  0.55,  0.02])), ('Simple_Assault_and_Simple_Battery', 1.29, array([ 0.33,  0.7 ,  1.5 ,  0.26,  0.84,  1.14,  0.38,  0.01])), ('Motor_Vehicle_Theft', 1.1799999999999999, array([-0.28,  0.3 ,  0.26,  1.41,  0.3 ,  0.43,  0.41,  0.  ])), ('Criminal_Sexual_Assault', 1.1599999999999999, array([-0.22,  0.54,  0.84,  0.3 ,  2.83,  0.77,  0.5 ,  0.  ])), ('Aggravated_Assault_and_Aggravated_Battery', 0.92000000000000004, array([-0.38,  1.16,  1.14,  0.43,  0.77,  1.61,  0.5 ,  0.01])), ('Burglary', 0.46000000000000002, array([-0.26,  0.55,  0.38,  0.41,  0.5 ,  0.5 ,  0.96,  0.  ])), ('Homicide', -0.34000000000000002, array([ 0.2 ,  0.02,  0.01,  0.  ,  0.  ,  0.01,  0.  ,  0.01]))]
Cluster 6
[('Homicide', 3.4700000000000002, array([ 0.,  0.,  0.,  0.,  0.,  0.,  0.,  0.])), ('Aggravated_Assault_and_Aggravated_Battery', 1.5600000000000001, array([ 0.  ,  1.61,  1.09,  0.48,  0.42,  1.03,  0.56,  0.24])), ('Simple_Assault_and_Simple_Battery', 1.25, array([ 0.  ,  1.09,  1.02,  0.49,  0.38,  0.76,  0.54,  0.2 ])), ('Burglary', 1.1399999999999999, array([ 0.  ,  0.48,  0.49,  1.24,  0.28,  0.44,  0.33,  0.12])), ('Motor_Vehicle_Theft', 1.0600000000000001, array([ 0.  ,  0.42,  0.38,  0.28,  0.9 ,  0.42,  0.23,  0.12])), ('Robbery', 0.96999999999999997, array([ 0.  ,  1.03,  0.76,  0.44,  0.42,  1.44,  0.42,  0.28])), ('Criminal_Sexual_Assault', 0.92000000000000004, array([ 0.  ,  0.56,  0.54,  0.33,  0.23,  0.42,  1.57,  0.13])), ('Larceny', 0.17999999999999999, array([ 0.  ,  0.24,  0.2 ,  0.12,  0.12,  0.28,  0.13,  0.09]))]
Number of Components: 9
========== RAW DATA ============
BIC scores:
full 261350.0
tied 716847.0
diag 318751.0
spherical 422398.0
Elapsed time: 3.66
========== STANDARDIZED DATA ==========
full 32168782.0
tied 390710499.0
diag 21915179.0
spherical 22227786.0
Elapsed time: 2.42
Features ranked by cluster centers:
Cluster 0
[('Motor_Vehicle_Theft', 0.66000000000000003, array([ 0.79,  0.3 ,  0.15,  0.22,  0.23,  0.21,  0.1 , -0.  ])), ('Burglary', 0.55000000000000004, array([ 0.3 ,  0.94,  0.21,  0.3 ,  0.34,  0.22,  0.04, -0.  ])), ('Criminal_Sexual_Assault', 0.44, array([ 0.15,  0.21,  1.03,  0.3 ,  0.29,  0.18,  0.02, -0.  ])), ('Simple_Assault_and_Simple_Battery', 0.38, array([ 0.22,  0.3 ,  0.3 ,  0.59,  0.53,  0.29,  0.06, -0.  ])), ('Aggravated_Assault_and_Aggravated_Battery', 0.33000000000000002, array([ 0.23,  0.34,  0.29,  0.53,  0.72,  0.34,  0.02, -0.  ])), ('Robbery', 0.32000000000000001, array([ 0.21,  0.22,  0.18,  0.29,  0.34,  0.55,  0.11, -0.  ])), ('Larceny', 0.23000000000000001, array([ 0.1 ,  0.04,  0.02,  0.06,  0.02,  0.11,  0.23, -0.  ])), ('Homicide', -0.34000000000000002, array([-0., -0., -0., -0., -0., -0., -0.,  0.]))]
Cluster 1
[('Robbery', 4.9199999999999999, array([ 15.25,   2.96,  -1.39,   2.42,   1.57,  -2.84,   0.06,   2.1 ])), ('Aggravated_Assault_and_Aggravated_Battery', 3.77, array([ 2.96,  5.75,  0.97,  4.84,  0.29,  3.55,  3.  ,  0.3 ])), ('Criminal_Sexual_Assault', 3.6400000000000001, array([-1.39,  0.97,  7.92,  1.86, -1.12, -0.08, -2.04,  0.67])), ('Simple_Assault_and_Simple_Battery', 3.6099999999999999, array([ 2.42,  4.84,  1.86,  4.98,  0.53,  2.58,  1.79,  0.56])), ('Motor_Vehicle_Theft', 2.8599999999999999, array([ 1.57,  0.29, -1.12,  0.53,  4.54, -0.11, -0.08,  0.7 ])), ('Burglary', 2.7200000000000002, array([-2.84,  3.55, -0.08,  2.58, -0.11,  7.74,  3.27, -1.24])), ('Homicide', 2.3799999999999999, array([ 0.06,  3.  , -2.04,  1.79, -0.08,  3.27,  9.02, -0.62])), ('Larceny', 1.49, array([ 2.1 ,  0.3 ,  0.67,  0.56,  0.7 , -1.24, -0.62,  1.46]))]
Cluster 2
[('Homicide', -0.34000000000000002, array([ 0.,  0.,  0.,  0.,  0.,  0.,  0.,  0.])), ('Larceny', -0.39000000000000001, array([ 0.,  0.,  0.,  0.,  0.,  0.,  0.,  0.])), ('Robbery', -0.55000000000000004, array([ 0.,  0.,  0.,  0.,  0.,  0.,  0.,  0.])), ('Criminal_Sexual_Assault', -0.56000000000000005, array([ 0.,  0.,  0.,  0.,  0.,  0.,  0.,  0.])), ('Aggravated_Assault_and_Aggravated_Battery', -0.60999999999999999, array([ 0.,  0.,  0.,  0.,  0.,  0.,  0.,  0.])), ('Simple_Assault_and_Simple_Battery', -0.66000000000000003, array([ 0.,  0.,  0.,  0.,  0.,  0.,  0.,  0.])), ('Burglary', -0.80000000000000004, array([ 0.,  0.,  0.,  0.,  0.,  0.,  0.,  0.])), ('Motor_Vehicle_Theft', -0.88, array([ 0.,  0.,  0.,  0.,  0.,  0.,  0.,  0.]))]
Cluster 3
[('Homicide', 3.5800000000000001, array([ 7.9 , -2.85,  0.65,  0.12,  1.38,  0.54,  0.78, -0.76])), ('Simple_Assault_and_Simple_Battery', 3.1299999999999999, array([-2.85,  3.64,  0.67, -0.04, -0.61,  0.44, -0.18,  0.64])), ('Aggravated_Assault_and_Aggravated_Battery', 2.8700000000000001, array([ 0.65,  0.67,  2.74,  1.47,  0.6 ,  1.03,  0.84,  0.02])), ('Robbery', 1.8300000000000001, array([ 0.12, -0.04,  1.47,  2.12,  0.4 ,  0.7 ,  0.73,  0.16])), ('Burglary', 1.3799999999999999, array([ 1.38, -0.61,  0.6 ,  0.4 ,  2.22,  0.34,  0.6 , -0.22])), ('Criminal_Sexual_Assault', 1.3500000000000001, array([ 0.54,  0.44,  1.03,  0.7 ,  0.34,  1.9 ,  0.56,  0.05])), ('Motor_Vehicle_Theft', 1.1299999999999999, array([ 0.78, -0.18,  0.84,  0.73,  0.6 ,  0.56,  0.87, -0.04])), ('Larceny', 0.68000000000000005, array([-0.76,  0.64,  0.02,  0.16, -0.22,  0.05, -0.04,  0.25]))]
Cluster 4
[('Larceny', 5.04, array([ 36.48,   2.65,   3.06,   1.02,   0.96,   1.16,   0.27,   0.82])), ('Robbery', 2.1600000000000001, array([ 2.65,  4.55,  1.92,  0.85,  0.8 ,  1.77,  0.65,  0.23])), ('Simple_Assault_and_Simple_Battery', 1.77, array([ 3.06,  1.92,  3.33,  1.46,  1.07,  1.67,  0.39,  0.2 ])), ('Criminal_Sexual_Assault', 1.1000000000000001, array([ 1.02,  0.85,  1.46,  2.7 ,  0.57,  0.57,  0.37,  0.06])), ('Motor_Vehicle_Theft', 1.0600000000000001, array([ 0.96,  0.8 ,  1.07,  0.57,  1.85,  0.74,  0.42,  0.01])), ('Aggravated_Assault_and_Aggravated_Battery', 0.83999999999999997, array([ 1.16,  1.77,  1.67,  0.57,  0.74,  1.61,  0.38,  0.2 ])), ('Burglary', 0.26000000000000001, array([ 0.27,  0.65,  0.39,  0.37,  0.42,  0.38,  0.7 ,  0.1 ])), ('Homicide', -0.23000000000000001, array([ 0.82,  0.23,  0.2 ,  0.06,  0.01,  0.2 ,  0.1 ,  0.24]))]
Cluster 5
[('Homicide', 1.5700000000000001, array([ 0.,  0.,  0.,  0.,  0.,  0.,  0., -0.])), ('Burglary', 0.54000000000000004, array([ 0.  ,  0.69,  0.34,  0.39,  0.36,  0.28,  0.2 ,  0.08])), ('Motor_Vehicle_Theft', 0.53000000000000003, array([ 0.  ,  0.34,  0.69,  0.28,  0.28,  0.23,  0.19,  0.09])), ('Aggravated_Assault_and_Aggravated_Battery', 0.46000000000000002, array([ 0.  ,  0.39,  0.28,  0.63,  0.46,  0.33,  0.23,  0.08])), ('Simple_Assault_and_Simple_Battery', 0.35999999999999999, array([ 0.  ,  0.36,  0.28,  0.46,  0.46,  0.3 ,  0.21,  0.08])), ('Criminal_Sexual_Assault', 0.32000000000000001, array([ 0.  ,  0.28,  0.23,  0.33,  0.3 ,  0.87,  0.16,  0.06])), ('Robbery', 0.17000000000000001, array([ 0.  ,  0.2 ,  0.19,  0.23,  0.21,  0.16,  0.27,  0.06])), ('Larceny', -0.040000000000000001, array([-0.  ,  0.08,  0.09,  0.08,  0.08,  0.06,  0.06,  0.03]))]
Cluster 6
[('Larceny', -0.23000000000000001, array([ 0.01,  0.03,  0.  ,  0.01,  0.03,  0.  ,  0.01,  0.01])), ('Burglary', -0.32000000000000001, array([ 0.03,  0.19,  0.  ,  0.03,  0.11,  0.02,  0.04,  0.03])), ('Homicide', -0.34000000000000002, array([ 0.,  0.,  0.,  0.,  0.,  0.,  0.,  0.])), ('Robbery', -0.38, array([ 0.01,  0.03,  0.  ,  0.03,  0.04,  0.01,  0.02,  0.01])), ('Motor_Vehicle_Theft', -0.39000000000000001, array([ 0.03,  0.11,  0.  ,  0.04,  0.2 ,  0.02,  0.05,  0.03])), ('Criminal_Sexual_Assault', -0.40999999999999998, array([ 0.  ,  0.02,  0.  ,  0.01,  0.02,  0.09,  0.01,  0.01])), ('Simple_Assault_and_Simple_Battery', -0.44, array([ 0.01,  0.04,  0.  ,  0.02,  0.05,  0.01,  0.04,  0.02])), ('Aggravated_Assault_and_Aggravated_Battery', -0.44, array([ 0.01,  0.03,  0.  ,  0.01,  0.03,  0.01,  0.02,  0.03]))]
Cluster 7
[('Homicide', 3.7599999999999998, array([ 0.46,  0.1 ,  0.06, -0.01, -0.03,  0.05,  0.01, -0.  ])), ('Aggravated_Assault_and_Aggravated_Battery', 1.29, array([ 0.1 ,  0.9 ,  0.62,  0.28,  0.33,  0.37,  0.34,  0.1 ])), ('Simple_Assault_and_Simple_Battery', 1.01, array([ 0.06,  0.62,  0.63,  0.27,  0.33,  0.32,  0.28,  0.1 ])), ('Motor_Vehicle_Theft', 0.98999999999999999, array([-0.01,  0.28,  0.27,  0.85,  0.16,  0.11,  0.22,  0.08])), ('Burglary', 0.95999999999999996, array([-0.03,  0.33,  0.33,  0.16,  0.74,  0.23,  0.21,  0.08])), ('Criminal_Sexual_Assault', 0.80000000000000004, array([ 0.05,  0.37,  0.32,  0.11,  0.23,  1.21,  0.13,  0.05])), ('Robbery', 0.62, array([ 0.01,  0.34,  0.28,  0.22,  0.21,  0.13,  0.6 ,  0.1 ])), ('Larceny', 0.080000000000000002, array([-0.  ,  0.1 ,  0.1 ,  0.08,  0.08,  0.05,  0.1 ,  0.04]))]
Cluster 8
[('Aggravated_Assault_and_Aggravated_Battery', 1.99, array([ 2.01,  1.35,  0.81,  0.  ,  0.62,  0.75,  0.48, -0.08])), ('Simple_Assault_and_Simple_Battery', 1.9099999999999999, array([ 1.35,  1.61,  0.53,  0.  ,  0.77,  0.75,  0.42,  0.07])), ('Robbery', 1.79, array([ 0.81,  0.53,  2.43,  0.  ,  0.39,  0.01,  0.45,  0.37])), ('Homicide', 1.5700000000000001, array([ 0.,  0.,  0.,  0.,  0.,  0.,  0.,  0.])), ('Criminal_Sexual_Assault', 1.4299999999999999, array([ 0.62,  0.77,  0.39,  0.  ,  2.46,  0.48,  0.4 , -0.02])), ('Burglary', 1.3500000000000001, array([ 0.75,  0.75,  0.01,  0.  ,  0.48,  2.23,  0.42, -0.15])), ('Motor_Vehicle_Theft', 1.3300000000000001, array([ 0.48,  0.42,  0.45,  0.  ,  0.4 ,  0.42,  1.1 ,  0.1 ])), ('Larceny', 0.66000000000000003, array([-0.08,  0.07,  0.37,  0.  , -0.02, -0.15,  0.1 ,  0.51]))]
Cell size: 500 500
Number of Components: 3
========== RAW DATA ============
BIC scores:
full 558314.0
tied 1157679.0
diag 620449.0
spherical 695824.0
Elapsed time: 1.54
========== STANDARDIZED DATA ==========
full 17591348.0
tied 167498822.0
diag 21918569.0
spherical 57762438.0
Elapsed time: 1.07
Features ranked by cluster centers:
Cluster 0
[('Motor_Vehicle_Theft', 0.68999999999999995, array([ 0.8 ,  0.26,  0.17,  0.09,  0.17, -0.04,  0.14,  0.06])), ('Burglary', 0.68000000000000005, array([ 0.26,  1.04,  0.33,  0.15,  0.3 ,  0.04,  0.15,  0.04])), ('Aggravated_Assault_and_Aggravated_Battery', 0.54000000000000004, array([ 0.17,  0.33,  0.8 ,  0.19,  0.49,  0.14,  0.23, -0.  ])), ('Criminal_Sexual_Assault', 0.48999999999999999, array([ 0.09,  0.15,  0.19,  1.16,  0.19, -0.06,  0.06, -0.01])), ('Simple_Assault_and_Simple_Battery', 0.48999999999999999, array([ 0.17,  0.3 ,  0.49,  0.19,  0.53,  0.06,  0.19,  0.03])), ('Homicide', 0.34999999999999998, array([-0.04,  0.04,  0.14, -0.06,  0.06,  1.52, -0.04, -0.07])), ('Robbery', 0.34999999999999998, array([ 0.14,  0.15,  0.23,  0.06,  0.19, -0.04,  0.41,  0.05])), ('Larceny', 0.14999999999999999, array([ 0.06,  0.04, -0.  , -0.01,  0.03, -0.07,  0.05,  0.1 ]))]
Cluster 1
[('Larceny', -0.25, array([ 0.02,  0.  ,  0.01,  0.02,  0.04,  0.01,  0.02,  0.05])), ('Homicide', -0.27000000000000002, array([ 0.,  0.,  0.,  0.,  0.,  0.,  0.,  0.])), ('Criminal_Sexual_Assault', -0.37, array([ 0.01,  0.  ,  0.09,  0.01,  0.04,  0.02,  0.02,  0.04])), ('Robbery', -0.37, array([ 0.02,  0.  ,  0.01,  0.04,  0.05,  0.02,  0.02,  0.05])), ('Burglary', -0.40999999999999998, array([ 0.04,  0.  ,  0.04,  0.05,  0.23,  0.05,  0.07,  0.15])), ('Aggravated_Assault_and_Aggravated_Battery', -0.44, array([ 0.01,  0.  ,  0.02,  0.02,  0.05,  0.04,  0.03,  0.06])), ('Simple_Assault_and_Simple_Battery', -0.44, array([ 0.02,  0.  ,  0.02,  0.02,  0.07,  0.03,  0.05,  0.07])), ('Motor_Vehicle_Theft', -0.46000000000000002, array([ 0.05,  0.  ,  0.04,  0.05,  0.15,  0.06,  0.07,  0.24]))]
Cluster 2
[('Simple_Assault_and_Simple_Battery', 2.2599999999999998, array([ 4.37,  1.61,  2.84,  0.5 ,  0.76,  1.39,  0.6 ,  1.15])), ('Robbery', 2.21, array([ 1.61,  6.19,  2.34,  1.  ,  1.13,  0.85,  0.37,  0.39])), ('Aggravated_Assault_and_Aggravated_Battery', 2.04, array([ 2.84,  2.34,  4.03, -0.69,  1.  ,  1.32,  1.63,  1.68])), ('Larceny', 1.8, array([  0.5 ,   1.  ,  -0.69,  10.46,   0.56,  -0.49,  -1.39,  -1.04])), ('Motor_Vehicle_Theft', 1.5800000000000001, array([ 0.76,  1.13,  1.  ,  0.56,  2.78,  0.55,  0.21,  0.76])), ('Criminal_Sexual_Assault', 1.5600000000000001, array([ 1.39,  0.85,  1.32, -0.49,  0.55,  4.47,  0.46,  0.91])), ('Homicide', 1.1799999999999999, array([ 0.6 ,  0.37,  1.63, -1.39,  0.21,  0.46,  6.02,  0.99])), ('Burglary', 1.1799999999999999, array([ 1.15,  0.39,  1.68, -1.04,  0.76,  0.91,  0.99,  3.42]))]
Number of Components: 5
========== RAW DATA ============
BIC scores:
full 466638.0
tied 1111274.0
diag 509163.0
spherical 520983.0
Elapsed time: 2.03
========== STANDARDIZED DATA ==========
full 8412974.0
tied 227464986.0
diag 8762279.0
spherical 22624883.0
Elapsed time: 1.91
Features ranked by cluster centers:
Cluster 0
[('Robbery', 2.1299999999999999, array([ 3.23,  1.35,  0.73,  0.23,  0.47,  0.16, -0.25, -0.01])), ('Aggravated_Assault_and_Aggravated_Battery', 2.04, array([ 1.35,  3.58,  2.17,  0.96,  0.86,  1.54, -0.91,  0.66])), ('Simple_Assault_and_Simple_Battery', 1.8999999999999999, array([ 0.73,  2.17,  2.13,  0.91,  0.64,  1.27, -0.49,  0.21])), ('Criminal_Sexual_Assault', 1.3600000000000001, array([ 0.23,  0.96,  0.91,  3.19,  0.46,  0.85, -0.44,  0.14])), ('Motor_Vehicle_Theft', 1.3600000000000001, array([ 0.47,  0.86,  0.64,  0.46,  1.32,  0.91, -0.23,  0.2 ])), ('Burglary', 1.3500000000000001, array([ 0.16,  1.54,  1.27,  0.85,  0.91,  3.83, -0.7 ,  0.6 ])), ('Larceny', 1.28, array([-0.25, -0.91, -0.49, -0.44, -0.23, -0.7 ,  1.29, -0.87])), ('Homicide', 1.0900000000000001, array([-0.01,  0.66,  0.21,  0.14,  0.2 ,  0.6 , -0.87,  2.56]))]
Cluster 1
[('Motor_Vehicle_Theft', 0.51000000000000001, array([ 0.8 ,  0.3 ,  0.11,  0.23,  0.23,  0.2 ,  0.1 , -0.  ])), ('Burglary', 0.46000000000000002, array([ 0.3 ,  0.91,  0.16,  0.3 ,  0.31,  0.19,  0.06, -0.  ])), ('Criminal_Sexual_Assault', 0.34000000000000002, array([ 0.11,  0.16,  0.99,  0.21,  0.21,  0.1 ,  0.02, -0.  ])), ('Simple_Assault_and_Simple_Battery', 0.25, array([ 0.23,  0.3 ,  0.21,  0.5 ,  0.45,  0.23,  0.07, -0.  ])), ('Aggravated_Assault_and_Aggravated_Battery', 0.23999999999999999, array([ 0.23,  0.31,  0.21,  0.45,  0.66,  0.26,  0.04, -0.  ])), ('Robbery', 0.20000000000000001, array([ 0.2 ,  0.19,  0.1 ,  0.23,  0.26,  0.41,  0.08, -0.  ])), ('Larceny', 0.10000000000000001, array([ 0.1 ,  0.06,  0.02,  0.07,  0.04,  0.08,  0.13, -0.  ])), ('Homicide', -0.27000000000000002, array([-0., -0., -0., -0., -0., -0., -0.,  0.]))]
Cluster 2
[('Homicide', 2.8199999999999998, array([ 1.24,  0.28,  0.12,  0.1 ,  0.2 ,  0.13,  0.1 ,  0.03])), ('Aggravated_Assault_and_Aggravated_Battery', 0.79000000000000004, array([ 0.28,  1.05,  0.5 ,  0.33,  0.66,  0.38,  0.29,  0.1 ])), ('Burglary', 0.73999999999999999, array([ 0.12,  0.5 ,  0.98,  0.34,  0.45,  0.29,  0.21,  0.1 ])), ('Motor_Vehicle_Theft', 0.60999999999999999, array([ 0.1 ,  0.33,  0.34,  0.76,  0.32,  0.2 ,  0.2 ,  0.09])), ('Simple_Assault_and_Simple_Battery', 0.59999999999999998, array([ 0.2 ,  0.66,  0.45,  0.32,  0.63,  0.33,  0.24,  0.1 ])), ('Criminal_Sexual_Assault', 0.42999999999999999, array([ 0.13,  0.38,  0.29,  0.2 ,  0.33,  1.16,  0.16,  0.06])), ('Robbery', 0.25, array([ 0.1 ,  0.29,  0.21,  0.2 ,  0.24,  0.16,  0.33,  0.06])), ('Larceny', 0.01, array([ 0.03,  0.1 ,  0.1 ,  0.09,  0.1 ,  0.06,  0.06,  0.04]))]
Cluster 3
[('Homicide', -0.27000000000000002, array([ 0.,  0.,  0.,  0.,  0.,  0.,  0.,  0.])), ('Larceny', -0.28999999999999998, array([ 0.  ,  0.01,  0.01,  0.  ,  0.01,  0.01,  0.02,  0.02])), ('Robbery', -0.42999999999999999, array([ 0.  ,  0.01,  0.01,  0.  ,  0.01,  0.01,  0.02,  0.02])), ('Criminal_Sexual_Assault', -0.46000000000000002, array([ 0.,  0.,  0.,  0.,  0.,  0.,  0.,  0.])), ('Aggravated_Assault_and_Aggravated_Battery', -0.5, array([ 0.  ,  0.01,  0.01,  0.  ,  0.01,  0.01,  0.02,  0.02])), ('Simple_Assault_and_Simple_Battery', -0.5, array([ 0.  ,  0.01,  0.01,  0.  ,  0.01,  0.02,  0.03,  0.03])), ('Burglary', -0.54000000000000004, array([ 0.  ,  0.02,  0.02,  0.  ,  0.02,  0.03,  0.12,  0.07])), ('Motor_Vehicle_Theft', -0.59999999999999998, array([ 0.  ,  0.02,  0.02,  0.  ,  0.02,  0.03,  0.07,  0.11]))]
Cluster 4
[('Larceny', 3.96, array([ 37.37,  -0.81,   1.87,  -2.1 ,  -2.78,   1.37,  -5.59,  -1.97])), ('Simple_Assault_and_Simple_Battery', 3.9100000000000001, array([-0.81,  9.16,  2.21,  4.4 ,  1.7 ,  0.2 , -0.19,  1.63])), ('Robbery', 3.3500000000000001, array([  1.87,   2.21,  15.61,   4.94,   1.93,   2.69,   0.69,   1.13])), ('Aggravated_Assault_and_Aggravated_Battery', 2.6400000000000001, array([-2.1 ,  4.4 ,  4.94,  5.92,  2.18,  1.59,  3.44,  2.67])), ('Criminal_Sexual_Assault', 2.3100000000000001, array([-2.78,  1.7 ,  1.93,  2.18,  8.38,  0.63,  0.49,  1.52])), ('Motor_Vehicle_Theft', 2.25, array([ 1.37,  0.2 ,  2.69,  1.59,  0.63,  6.96,  0.02,  0.88])), ('Homicide', 1.98, array([ -5.59,  -0.19,   0.69,   3.44,   0.49,   0.02,  12.67,   2.59])), ('Burglary', 0.91000000000000003, array([-1.97,  1.63,  1.13,  2.67,  1.52,  0.88,  2.59,  3.11]))]
Number of Components: 7
========== RAW DATA ============
BIC scores:
full 324950.0
tied 1097490.0
diag 272576.0
spherical 479614.0
Elapsed time: 4.71
========== STANDARDIZED DATA ==========
full 13097014.0
tied 361352253.0
diag 10556231.0
spherical 16921268.0
Elapsed time: 3.28
Features ranked by cluster centers:
Cluster 0
[('Homicide', 2.4900000000000002, array([ 6.05,  0.65, -1.42,  0.08,  0.5 , -0.01,  0.01, -1.7 ])), ('Aggravated_Assault_and_Aggravated_Battery', 2.3399999999999999, array([ 0.65,  3.68,  1.31,  2.25,  1.66,  0.94,  1.12, -0.77])), ('Robbery', 2.2999999999999998, array([-1.42,  1.31,  3.66,  0.86,  0.  ,  0.58,  0.34,  0.08])), ('Simple_Assault_and_Simple_Battery', 1.99, array([ 0.08,  2.25,  0.86,  2.09,  1.48,  0.79,  1.07, -0.33])), ('Burglary', 1.5700000000000001, array([ 0.5 ,  1.66,  0.  ,  1.48,  4.16,  1.04,  1.01, -0.64])), ('Motor_Vehicle_Theft', 1.3799999999999999, array([-0.01,  0.94,  0.58,  0.79,  1.04,  1.3 ,  0.54, -0.18])), ('Criminal_Sexual_Assault', 1.3700000000000001, array([ 0.01,  1.12,  0.34,  1.07,  1.01,  0.54,  2.74, -0.33])), ('Larceny', 1.1299999999999999, array([-1.7 , -0.77,  0.08, -0.33, -0.64, -0.18, -0.33,  1.4 ]))]
Cluster 1
[('Criminal_Sexual_Assault', 0.87, array([ 1.04,  0.08,  0.14,  0.16,  0.15,  0.04, -0.05, -0.  ])), ('Motor_Vehicle_Theft', 0.64000000000000001, array([ 0.08,  0.99,  0.41,  0.35,  0.37,  0.32,  0.16, -0.  ])), ('Burglary', 0.60999999999999999, array([ 0.14,  0.41,  1.22,  0.45,  0.49,  0.28,  0.07, -0.  ])), ('Simple_Assault_and_Simple_Battery', 0.48999999999999999, array([ 0.16,  0.35,  0.45,  0.79,  0.74,  0.39,  0.12, -0.  ])), ('Aggravated_Assault_and_Aggravated_Battery', 0.48999999999999999, array([ 0.15,  0.37,  0.49,  0.74,  1.06,  0.47,  0.07, -0.  ])), ('Robbery', 0.38, array([ 0.04,  0.32,  0.28,  0.39,  0.47,  0.7 ,  0.15, -0.  ])), ('Larceny', 0.22, array([-0.05,  0.16,  0.07,  0.12,  0.07,  0.15,  0.25, -0.  ])), ('Homicide', -0.27000000000000002, array([-0., -0., -0., -0., -0., -0., -0.,  0.]))]
Cluster 2
[('Homicide', 2.6099999999999999, array([ 0.57,  0.02, -0.01,  0.02,  0.01, -0.01, -0.  , -0.  ])), ('Aggravated_Assault_and_Aggravated_Battery', 0.73999999999999999, array([ 0.02,  0.95,  0.44,  0.33,  0.6 ,  0.34,  0.26,  0.09])), ('Burglary', 0.70999999999999996, array([-0.01,  0.44,  0.92,  0.34,  0.41,  0.26,  0.19,  0.09])), ('Motor_Vehicle_Theft', 0.60999999999999999, array([ 0.02,  0.33,  0.34,  0.79,  0.31,  0.19,  0.21,  0.09])), ('Simple_Assault_and_Simple_Battery', 0.56999999999999995, array([ 0.01,  0.6 ,  0.41,  0.31,  0.6 ,  0.3 ,  0.23,  0.1 ])), ('Criminal_Sexual_Assault', 0.41999999999999998, array([-0.01,  0.34,  0.26,  0.19,  0.3 ,  1.17,  0.15,  0.06])), ('Robbery', 0.23999999999999999, array([-0.  ,  0.26,  0.19,  0.21,  0.23,  0.15,  0.33,  0.06])), ('Larceny', 0.01, array([-0.  ,  0.09,  0.09,  0.09,  0.1 ,  0.06,  0.06,  0.04]))]
Cluster 3
[('Homicide', -0.27000000000000002, array([ 0.,  0.,  0.,  0.,  0.,  0.,  0.,  0.])), ('Larceny', -0.34999999999999998, array([ 0.,  0.,  0.,  0.,  0.,  0.,  0.,  0.])), ('Criminal_Sexual_Assault', -0.46000000000000002, array([ 0.,  0.,  0.,  0.,  0.,  0.,  0.,  0.])), ('Robbery', -0.47999999999999998, array([ 0.,  0.,  0.,  0.,  0.,  0.,  0.,  0.])), ('Aggravated_Assault_and_Aggravated_Battery', -0.55000000000000004, array([ 0.,  0.,  0.,  0.,  0.,  0.,  0.,  0.])), ('Simple_Assault_and_Simple_Battery', -0.57999999999999996, array([ 0.,  0.,  0.,  0.,  0.,  0.,  0.,  0.])), ('Burglary', -0.72999999999999998, array([ 0.,  0.,  0.,  0.,  0.,  0.,  0.,  0.])), ('Motor_Vehicle_Theft', -0.78000000000000003, array([ 0.,  0.,  0.,  0.,  0.,  0.,  0.,  0.]))]
Cluster 4
[('Simple_Assault_and_Simple_Battery', 3.9199999999999999, array([ 9.47, -1.33,  2.25,  1.27,  4.71,  0.17,  1.02,  1.78])), ('Larceny', 3.6200000000000001, array([ -1.33,  12.79,   0.79,  -2.05,  -1.52,   0.02,  -2.65,  -1.1 ])), ('Robbery', 3.2599999999999998, array([  2.25,   0.79,  16.02,   1.73,   5.36,   2.89,   2.12,   1.39])), ('Criminal_Sexual_Assault', 2.5299999999999998, array([ 1.27, -2.05,  1.73,  9.1 ,  2.16,  0.64,  1.02,  1.58])), ('Aggravated_Assault_and_Aggravated_Battery', 2.3999999999999999, array([ 4.71, -1.52,  5.36,  2.16,  5.83,  1.72,  3.25,  2.46])), ('Motor_Vehicle_Theft', 2.0899999999999999, array([ 0.17,  0.02,  2.89,  0.64,  1.72,  6.05,  0.95,  0.83])), ('Homicide', 1.1799999999999999, array([ 1.02, -2.65,  2.12,  1.02,  3.25,  0.95,  8.4 ,  2.06])), ('Burglary', 0.69999999999999996, array([ 1.78, -1.1 ,  1.39,  1.58,  2.46,  0.83,  2.06,  2.53]))]
Cluster 5
[('Burglary', -0.089999999999999997, array([ 0.38,  0.19,  0.05,  0.07,  0.09,  0.  ,  0.08,  0.  ])), ('Motor_Vehicle_Theft', -0.10000000000000001, array([ 0.19,  0.43,  0.06,  0.09,  0.1 ,  0.  ,  0.09,  0.  ])), ('Larceny', -0.13, array([ 0.05,  0.06,  0.04,  0.03,  0.02,  0.  ,  0.02,  0.  ])), ('Robbery', -0.22, array([ 0.07,  0.09,  0.03,  0.1 ,  0.05,  0.  ,  0.05,  0.  ])), ('Simple_Assault_and_Simple_Battery', -0.27000000000000002, array([ 0.09,  0.1 ,  0.02,  0.05,  0.1 ,  0.  ,  0.08,  0.  ])), ('Homicide', -0.27000000000000002, array([ 0.,  0.,  0.,  0.,  0.,  0.,  0.,  0.])), ('Aggravated_Assault_and_Aggravated_Battery', -0.28000000000000003, array([ 0.08,  0.09,  0.02,  0.05,  0.08,  0.  ,  0.12,  0.  ])), ('Criminal_Sexual_Assault', -0.46000000000000002, array([ 0.,  0.,  0.,  0.,  0.,  0.,  0.,  0.]))]
Cluster 6
[('Larceny', 46.039999999999999, array([ 60.19,  -5.92,   5.94,   5.24,   5.7 ,   4.87,   0.24,   0.51])), ('Motor_Vehicle_Theft', 4.9800000000000004, array([ -5.92,  58.49,   3.71,   7.4 ,   3.83,  -2.58,  -0.66,   3.19])), ('Robbery', 4.7599999999999998, array([ 5.94,  3.71,  4.46,  1.71,  1.67,  1.82, -0.01,  0.2 ])), ('Simple_Assault_and_Simple_Battery', 3.8300000000000001, array([ 5.24,  7.4 ,  1.71,  1.65,  1.25,  0.4 , -0.06,  0.47])), ('Aggravated_Assault_and_Aggravated_Battery', 2.0, array([ 5.7 ,  3.83,  1.67,  1.25,  1.12,  0.67, -0.01,  0.27])), ('Homicide', 0.26000000000000001, array([ 4.87, -2.58,  1.82,  0.4 ,  0.67,  1.11,  0.06, -0.11])), ('Burglary', 0.059999999999999998, array([ 0.24, -0.66, -0.01, -0.06, -0.01,  0.06,  0.01, -0.03])), ('Criminal_Sexual_Assault', -0.23999999999999999, array([ 0.51,  3.19,  0.2 ,  0.47,  0.27, -0.11, -0.03,  0.19]))]
Number of Components: 9
========== RAW DATA ============
BIC scores:
full 313257.0
tied 1089472.0
diag 271425.0
spherical 472832.0
Elapsed time: 6.26
========== STANDARDIZED DATA ==========
full 13992156.0
tied 390773270.0
diag 9853777.0
spherical 14492162.0
Elapsed time: 2.95
Features ranked by cluster centers:
Cluster 0
[('Homicide', 2.3700000000000001, array([ 0.,  0.,  0.,  0.,  0.,  0.,  0.,  0.])), ('Aggravated_Assault_and_Aggravated_Battery', 1.03, array([ 0.  ,  1.64,  0.73,  1.09,  0.55,  0.66,  0.74,  0.2 ])), ('Burglary', 0.88, array([ 0.  ,  0.73,  1.42,  0.67,  0.5 ,  0.44,  0.39,  0.15])), ('Simple_Assault_and_Simple_Battery', 0.81000000000000005, array([ 0.  ,  1.09,  0.67,  1.05,  0.49,  0.59,  0.59,  0.19])), ('Motor_Vehicle_Theft', 0.76000000000000001, array([ 0.  ,  0.55,  0.5 ,  0.49,  0.98,  0.33,  0.43,  0.15])), ('Criminal_Sexual_Assault', 0.60999999999999999, array([ 0.  ,  0.66,  0.44,  0.59,  0.33,  1.71,  0.4 ,  0.11])), ('Robbery', 0.56000000000000005, array([ 0.  ,  0.74,  0.39,  0.59,  0.43,  0.4 ,  1.01,  0.2 ])), ('Larceny', 0.11, array([ 0.  ,  0.2 ,  0.15,  0.19,  0.15,  0.11,  0.2 ,  0.09]))]
Cluster 1
[('Burglary', -0.080000000000000002, array([ 0.4 ,  0.2 ,  0.05,  0.08,  0.1 ,  0.09,  0.  ,  0.  ])), ('Motor_Vehicle_Theft', -0.080000000000000002, array([ 0.2 ,  0.45,  0.07,  0.1 ,  0.11,  0.1 ,  0.  ,  0.  ])), ('Larceny', -0.12, array([ 0.05,  0.07,  0.05,  0.03,  0.03,  0.02,  0.  ,  0.  ])), ('Robbery', -0.20000000000000001, array([ 0.08,  0.1 ,  0.03,  0.12,  0.06,  0.06,  0.  ,  0.  ])), ('Simple_Assault_and_Simple_Battery', -0.25, array([ 0.1 ,  0.11,  0.03,  0.06,  0.12,  0.09,  0.  ,  0.  ])), ('Aggravated_Assault_and_Aggravated_Battery', -0.26000000000000001, array([ 0.09,  0.1 ,  0.02,  0.06,  0.09,  0.14,  0.  ,  0.  ])), ('Homicide', -0.27000000000000002, array([ 0.,  0.,  0.,  0.,  0.,  0.,  0.,  0.])), ('Criminal_Sexual_Assault', -0.46000000000000002, array([ 0.,  0.,  0.,  0.,  0.,  0.,  0.,  0.]))]
Cluster 2
[('Homicide', 5.2999999999999998, array([ 13.16,  -1.05,  -1.82,  -3.06,  -2.11,  -1.59,  -0.96,  -0.99])), ('Aggravated_Assault_and_Aggravated_Battery', 4.0099999999999998, array([-1.05,  7.08,  5.97,  4.89,  4.02,  3.22,  2.48,  1.02])), ('Simple_Assault_and_Simple_Battery', 3.5800000000000001, array([-1.82,  5.97,  7.33,  3.54,  4.25,  3.46,  2.49,  1.09])), ('Robbery', 3.3500000000000001, array([-3.06,  4.89,  3.54,  9.92,  1.13,  2.35,  1.61,  2.02])), ('Burglary', 2.4900000000000002, array([-2.11,  4.02,  4.25,  1.13,  8.32,  2.92,  2.74,  0.13])), ('Criminal_Sexual_Assault', 2.3999999999999999, array([-1.59,  3.22,  3.46,  2.35,  2.92,  4.89,  1.38,  0.53])), ('Motor_Vehicle_Theft', 2.0800000000000001, array([-0.96,  2.48,  2.49,  1.61,  2.74,  1.38,  3.06,  0.44])), ('Larceny', 1.0800000000000001, array([-0.99,  1.02,  1.09,  2.02,  0.13,  0.53,  0.44,  0.95]))]
Cluster 3
[('Homicide', 5.0099999999999998, array([ 0.,  0.,  0.,  0.,  0.,  0.,  0.,  0.])), ('Aggravated_Assault_and_Aggravated_Battery', 1.6899999999999999, array([ 0.  ,  2.27,  0.96,  1.38,  0.44,  0.68,  0.94,  0.23])), ('Burglary', 1.3100000000000001, array([ 0.  ,  0.96,  1.99,  0.85,  0.49,  0.27,  0.56,  0.17])), ('Simple_Assault_and_Simple_Battery', 1.29, array([ 0.  ,  1.38,  0.85,  1.23,  0.47,  0.63,  0.72,  0.22])), ('Motor_Vehicle_Theft', 1.05, array([ 0.  ,  0.44,  0.49,  0.47,  1.1 ,  0.28,  0.51,  0.15])), ('Criminal_Sexual_Assault', 0.87, array([ 0.  ,  0.68,  0.27,  0.63,  0.28,  1.79,  0.31,  0.1 ])), ('Robbery', 0.85999999999999999, array([ 0.  ,  0.94,  0.56,  0.72,  0.51,  0.31,  1.24,  0.2 ])), ('Larceny', 0.14000000000000001, array([ 0.  ,  0.23,  0.17,  0.22,  0.15,  0.1 ,  0.2 ,  0.07]))]
Cluster 4
[('Simple_Assault_and_Simple_Battery', 1.1000000000000001, array([ 1.22,  0.23,  1.03,  0.32,  0.43,  0.48, -0.01, -0.  ])), ('Motor_Vehicle_Theft', 1.0800000000000001, array([ 0.23,  1.24,  0.29,  0.12,  0.33,  0.27,  0.04, -0.  ])), ('Aggravated_Assault_and_Aggravated_Battery', 1.0600000000000001, array([ 1.03,  0.29,  1.63,  0.29,  0.55,  0.67, -0.19, -0.  ])), ('Criminal_Sexual_Assault', 1.05, array([ 0.32,  0.12,  0.29,  2.07,  0.25,  0.06, -0.15, -0.  ])), ('Burglary', 0.96999999999999997, array([ 0.43,  0.33,  0.55,  0.25,  1.76,  0.17, -0.2 , -0.  ])), ('Robbery', 0.96999999999999997, array([ 0.48,  0.27,  0.67,  0.06,  0.17,  1.51,  0.17, -0.  ])), ('Larceny', 0.67000000000000004, array([-0.01,  0.04, -0.19, -0.15, -0.2 ,  0.17,  0.73, -0.  ])), ('Homicide', -0.27000000000000002, array([-0., -0., -0., -0., -0., -0., -0.,  0.]))]
Cluster 5
[('Homicide', -0.27000000000000002, array([ 0.,  0.,  0.,  0.,  0.,  0.,  0.,  0.])), ('Larceny', -0.34999999999999998, array([ 0.,  0.,  0.,  0.,  0.,  0.,  0.,  0.])), ('Criminal_Sexual_Assault', -0.46000000000000002, array([ 0.,  0.,  0.,  0.,  0.,  0.,  0.,  0.])), ('Robbery', -0.47999999999999998, array([ 0.,  0.,  0.,  0.,  0.,  0.,  0.,  0.])), ('Aggravated_Assault_and_Aggravated_Battery', -0.55000000000000004, array([ 0.,  0.,  0.,  0.,  0.,  0.,  0.,  0.])), ('Simple_Assault_and_Simple_Battery', -0.57999999999999996, array([ 0.,  0.,  0.,  0.,  0.,  0.,  0.,  0.])), ('Burglary', -0.72999999999999998, array([ 0.,  0.,  0.,  0.,  0.,  0.,  0.,  0.])), ('Motor_Vehicle_Theft', -0.78000000000000003, array([ 0.,  0.,  0.,  0.,  0.,  0.,  0.,  0.]))]
Cluster 6
[('Criminal_Sexual_Assault', 0.82999999999999996, array([ 0.19,  0.04,  0.02,  0.03,  0.03,  0.02,  0.  , -0.  ])), ('Motor_Vehicle_Theft', 0.25, array([ 0.04,  0.54,  0.23,  0.15,  0.13,  0.1 ,  0.05, -0.  ])), ('Burglary', 0.23999999999999999, array([ 0.02,  0.23,  0.5 ,  0.14,  0.13,  0.09,  0.05, -0.  ])), ('Simple_Assault_and_Simple_Battery', 0.01, array([ 0.03,  0.15,  0.14,  0.19,  0.16,  0.08,  0.03, -0.  ])), ('Aggravated_Assault_and_Aggravated_Battery', -0.01, array([ 0.03,  0.13,  0.13,  0.16,  0.25,  0.09,  0.02,  0.  ])), ('Robbery', -0.050000000000000003, array([ 0.02,  0.1 ,  0.09,  0.08,  0.09,  0.14,  0.03,  0.  ])), ('Larceny', -0.070000000000000007, array([ 0.  ,  0.05,  0.05,  0.03,  0.02,  0.03,  0.03,  0.  ])), ('Homicide', -0.27000000000000002, array([-0., -0., -0., -0.,  0.,  0.,  0.,  0.]))]
Cluster 7
[('Larceny', 46.039999999999999, array([ 60.19,  -5.92,   5.94,   5.24,   5.7 ,   4.87,   0.24,   0.51])), ('Motor_Vehicle_Theft', 4.9800000000000004, array([ -5.92,  58.49,   3.71,   7.4 ,   3.83,  -2.58,  -0.66,   3.19])), ('Robbery', 4.7599999999999998, array([ 5.94,  3.71,  4.46,  1.71,  1.67,  1.82, -0.01,  0.2 ])), ('Simple_Assault_and_Simple_Battery', 3.8300000000000001, array([ 5.24,  7.4 ,  1.71,  1.65,  1.25,  0.4 , -0.06,  0.47])), ('Aggravated_Assault_and_Aggravated_Battery', 2.0, array([ 5.7 ,  3.83,  1.67,  1.25,  1.12,  0.67, -0.01,  0.27])), ('Homicide', 0.26000000000000001, array([ 4.87, -2.58,  1.82,  0.4 ,  0.67,  1.11,  0.06, -0.11])), ('Burglary', 0.059999999999999998, array([ 0.24, -0.66, -0.01, -0.06, -0.01,  0.06,  0.01, -0.03])), ('Criminal_Sexual_Assault', -0.23999999999999999, array([ 0.51,  3.19,  0.2 ,  0.47,  0.27, -0.11, -0.03,  0.19]))]
Cluster 8
[('Larceny', 4.8399999999999999, array([ 14.67,  -1.52,  -0.98,  -1.92,  -1.02,   0.73,  -1.54,   0.06])), ('Simple_Assault_and_Simple_Battery', 3.71, array([ -1.52,  10.41,   1.24,   1.1 ,   3.52,   0.19,  -0.62,   0.54])), ('Robbery', 3.6099999999999999, array([ -0.98,   1.24,  18.37,   1.46,   4.47,   3.83,   0.85,   0.65])), ('Criminal_Sexual_Assault', 2.1200000000000001, array([-1.92,  1.1 ,  1.46,  9.55,  1.2 ,  1.02, -0.04,  0.55])), ('Aggravated_Assault_and_Aggravated_Battery', 1.9099999999999999, array([-1.02,  3.52,  4.47,  1.2 ,  3.5 ,  1.42,  0.29,  0.6 ])), ('Motor_Vehicle_Theft', 1.8700000000000001, array([ 0.73,  0.19,  3.83,  1.02,  1.42,  6.66, -0.12,  0.19])), ('Homicide', 0.46999999999999997, array([-1.54, -0.62,  0.85, -0.04,  0.29, -0.12,  1.47,  0.1 ])), ('Burglary', 0.17999999999999999, array([ 0.06,  0.54,  0.65,  0.55,  0.6 ,  0.19,  0.1 ,  0.71]))]
